0.000000 1.000000 0.999498 0.999499
0.025000 1.000000 0.999498 0.999499
0.050000 1.000000 0.999498 0.999499
0.075000 1.000000 0.999498 0.999499
0.100000 1.000000 0.999498 0.999112
0.125000 1.000000 0.999498 0.999112
0.150000 1.000000 0.999109 0.999112
0.175000 1.000000 0.999109 0.998771
0.200000 1.000000 0.999109 0.998026
0.225000 1.000000 0.998766 0.997756
0.250000 1.000000 0.998766 0.997423
0.275000 1.000000 0.998016 0.997159
0.300000 0.999511 0.998016 0.996505
0.325000 0.999511 0.997485 0.995487
0.350000 0.999511 0.997406 0.995289
0.375000 0.999511 0.997231 0.994004
0.400000 0.999511 0.996877 0.993137
0.425000 0.999511 0.996577 0.992348
0.450000 0.999142 0.995767 0.990350
0.475000 0.999142 0.995285 0.988663
0.500000 0.998809 0.994980 0.986067
0.525000 0.998809 0.994102 0.983563
0.550000 0.998581 0.993045 0.980328
0.575000 0.998581 0.992886 0.975174
0.600000 0.998262 0.992201 0.970568
0.625000 0.998079 0.990517 0.961358
0.650000 0.998079 0.989177 0.953532
0.675000 0.997536 0.986975 0.939940
0.700000 0.996826 0.984669 0.920177
0.725000 0.996826 0.982519 0.890326
0.750000 0.995549 0.979252 0.839198
0.775000 0.995153 0.973768 0.716090
0.800000 0.993747 0.968370 0.361014
0.825000 0.990930 0.956891 0.034555
0.850000 0.987326 0.943817 0.000000
0.875000 0.981638 0.915924 0.000000
0.900000 0.964254 0.838091 0.000000
0.925000 0.897232 0.029686 0.000000
0.950000 0.565646 0.000000 0.000000
0.975000 0.201936 0.000000 0.000000
1.000000 0.000000 0.000000 0.000000
